21
RMSD:  0.14958588935224165
N    -0.0519265216    0.0262016402    0.0362192152
N     2.2645001641    0.0152799209   -0.0228718822
H    -0.9821104693   -0.3145339708    0.1158126982
H     1.1050703645   -1.7558299936    0.2926210558
H     2.7900788151    3.0565156811   -0.8378794868
H     3.4754172907    5.0123265884    0.5643619746
H     3.8087419490    6.1114137043    2.6896997405
H     2.8205352247    2.5560770862    4.7394564282
H     2.5720514345    1.3887535708    2.6731800416
C     1.1054306452   -0.6990214684    0.1181247923
C     1.9394168156    1.2874532575   -0.0513967166
C     0.3292586733    1.3277777232   -0.1931417840
C     2.8183832203    2.4595636048    0.0568073558
C     2.9478282817    3.0916594073    1.3755667770
C     3.3118727293    4.4444689660    1.4738669866
C     3.4983478082    5.0741823649    2.7210839004
C     3.3181830241    4.5028030804    4.0176014671
C     2.9600019159    3.1420247957    3.8384081616
C     2.7847620055    2.4525412850    2.6142115586
O    -0.3004681567    2.2341682608   -0.5649910598
O     3.4663427861    5.0999224952    5.1148047759